$ANSIBLE_VAULT;1.1;AES256
38333335613233383063393137613536633636326536323538313639313730616634626265363230
3732636133613433303464653763323437343535363466350a326237326230336666643936333230
34613362343430303065323164353766353030636139326666663538373435373061666661656333
6665303639663665640a626566656330333039666262336666323861623864653066303235646439
63306238623131373835323434356365376537366530643032656332306133396632393338333837
38666462323534616238633538643336613835333765643831323564386339303131313232363530
66313639353835313530626538333336306430663330313337323939626238343937353137343230
39383938646536303438363233343630643865316335363961633064653965363432383363316531
33353233653765653738636531653031613533373233663136366466366135626662323361623733
65663730383132626430373366303839653934306635623638666561373230313635613032333538
663437643161613566366232323766663533
