$ANSIBLE_VAULT;1.1;AES256
66613537363632636334623438616230333131383436643936393266373631383764386363656366
3662613635616431346333353732336432623230356563650a323265313366343430343835646261
31656436336563623431663937383264316532613730666265376165666263343337306166313936
3834373838646437610a663764316564373839356263386339653363343637366433653633653331
32613831666635323636653966303361646165333765663137333730333038363938326637353733
39306563383465343633313062333435616236386161373362336139316639643766303062336335
37316433663935626236343763623637326231396138636666363839396461343731346435393362
65393236373232626430333864336362376233353330356164653739336138653334613637623739
63333732633163656337623434393535333431313761633539633039353733333238323330616336
30363738613562646139346164383633666536343664656533623364383533626333666331346533
35336434356563396436366535633536306237636462313534636265353065336630336434626363
64323333343938393832383538633437383930353863393332313462326165656266326639323361
36656361386265666666636464633239373265363264613864376334396264396436376232616636
36393661306264616363623261386665336633666166613363386432376636366566653562366236
61323061663062393238343435653762336435326637336166323536373938366161313239356534
64393662313930626231353564363738393639663333376534656235623033316661313962333163
63333138636263323036336564323135636137663437373962303762623964376564636633356633
61323964396339373263396136343761366634356362313536386338633735626266326136303032
36386535633961306561353031343032323032616232303335353164336665643330303437373966
62616337323561356131633830393663333063633534653531613136323537383763303264623865
62363437306436656637393732333231653761306636656362376363636531376334373337373532
63653266353533663534646530343235636439326366343535393436343432373964656532316232
35363036313764656461323161396666383662366365663261633662316266623130343234343636
62613136373238623962666665323833663335613136356134353733636365663666373438363165
66663332663732653934656133666365626534343236326439343939303736376161383239373831
35333337393964323034626135306161353538326261346630663032396565353962343164366332
31636534616566326336323930366536653132663432386530303466353065626561666634363362
64356432386363633537633666373862346436353364333461393161663061646631613764343466
34333464623833643565353865376663366438306162336166663237303530343534396565303935
63613061633632363036653933333334363637353839343566663634613536626633653432383164
39346664343062386264623637643031623832653432616466383966616465643862626234326264
39323232633365353431316162363433353431303634313830393663613437386363326234373730
3066
