$ANSIBLE_VAULT;1.1;AES256
32646636386233356233383830633330356537666563373931373137336536376464356461653338
6666393665373365356432313533303865376362313934350a373130393439343366626435376432
32313337383231306137383465623233306231623832383439646631613331353639343936323231
3565333935316531640a363762393433383435333133393332356135663066653734303036663636
33336233313336666236633865396361303932346638353364323731343531373130316532363062
39666265366165326262336465346136643139336366346236303737336431666630633636373033
34386364336232396138653030656261303936356135363238353465353139363431626636386436
66653064356336343066663262393232336361626233663038303032613639336163356637363230
37613862626264653136303433623833663664646662363637366163643365373266613266393532
61333730663361366132636138306265373331396130646637656632623736643333653939316233
37633466666336303435303361376161383939356365386362653732663434393764393062343832
35643665613664303735383234363035613864353863353834313034336662613333386431346236
33623739353562386662303266326361393035643234353231626262373261316538633134623061
66323534626666363735626564313864353336653363666262356665363865633234623834373766
61623937326334326464396562343730613236316166356638303632303361356239396234323430
39623361313737626331353861336636653936336431323561653664376232646565333338313032
33653763343832393335393131346436323734383035626238303834306431356539346333383837
62303736633939366365323863636363653931316637613331343663663138303764356463376134
36313161396234366339323664623433396164623462346432366661333031613763633235616633
33613861333735396434666333336663333364616439363364353131376564373233313432303231
31373733383234336131646433356132393166626634333461336638333532383931353735393634
35636363313565386335313862396232623565343633323961373963616461393639643038666562
31393839363064646263316535613933663665336565363534306432393031336263663734303330
64343565663462613538646531626433356563373665323733656538656532383431623533396134
38363335616134636237623132646465396235613461333264623133633465396163623232366262
33323230653162343864366633373437303536393331663236636533656131396164316438326238
65666337626231393763346437343930313265343665636163643363663734343465373736303635
34663365646332613863633832383064326535386531646233383934663734373331623634366232
63326162323762383162316236343662666633353461636431663539663262303165306164303565
66303335383833643932353332363263646236643965643834353438653066303866653732383236
35383534313137313161363831306432303462363736626338363061643430383738643635343337
36613937616136313362306665653038663430373333653538373161663865363961643132323233
31383932636334393530366562326633303962616336376230653861313964313662636334393434
62643262646636623732633662383638343439633836376530353466383435653166653338383134
64646565303135353466306266313935626437383130356330616439616135396563636137313833
36366334616238376532343366363138636662366337373463663138353035623838373262636631
37653733323438636266303632663963326565653665656132613563343832376263393366613433
30363730316662653630306232346537343832376562346565326236323436333864396636356365
64313031323065663465663538376163316330353664396235643435373433386263663432626165
66383863356233333937393931333530313638376662383631636335313430303533313131386465
62653633613462316531666537303838366465373033373666623337353639623464383934653531
39646533663333336638393734396630306263316437633732363333326538313833393639383937
37653466333464396666343532623830663062623364363538326631633133393535333632383766
62653233613661343662663066653130663364386634373339356232333763383564353532353562
33343139356535333932303835623034623663326563376637346638363262373837636461366663
62623264326531366262303264346666306438653265653838373737633032353135623832386438
64643039313164333131383736303334323034353632623436643835373732636331626133303930
31316135313634626230633363626436313661353161303261653337643566313462636533313738
3762
