$ANSIBLE_VAULT;1.1;AES256
33383064373664386637636163613163643238613539316337316438306234366235656530653565
3662333462313665323531393231333531636138623563640a623038343837333730303639363762
33353162663134313235346363333030393131656334356265633864663465396134633864343235
3736663430316638310a376434326166313035363065393035333434653238663639636135383363
34636463316435363564653965656366613135336131616564363333643562343632343263366637
39353361653830383333633762643137353234323662653061613037376662326234373265383334
36623831616137626463326332346331303465326635623535646162366434613837626535383966
37663733323962653939393336386366373761346361313931336538316665313234623234366138
65373731613232323164353137303334363665643764383233346364393266623236616630313164
66383234616365666338366538643237306438323362623139306332613436336161663837623238
39313333623539396363663634633964376365393631323265353037383538633032376165393633
35343263613339646163653766623939643666306538366134663930613330646532393331663833
31613534386461323932333866373165323231623834333330326139376666336562376561643431
32333032336466333039653333623565303363613537323366343237376562393934623539303632
31613361323936303436333234386134343238316264376435373432393363393936653133663239
38323266326338633363643666323561303531613331353230636365323137396432383733613061
32393230366133393434313331303061373633383665393662373939323161613133643564663331
62316339613965623036393739613030386430326662363865336562363137613963643534333366
34636262643430326564333335303433343831613562326439623737616334343766353236356365
36313938616563633632626165626630353736383661386466633238646237663261636436383039
39666632643666353733613635353038353165623734303433643832643737656433376332366537
35316366616165373562653362626139666537353762633561633564396633393066633839626432
65633063626262653139363030353364383836393666343663663537643866643535323464383638
35326534383766633933663166613765313037363763343466393531666330633735643532663835
31376334323430393737313030326534306566353139303365643439363636633537313132396164
65646339333465303166633533306134616432336264303036646530646335366230383764343861
65336332383432303632633435346531363863376431613732363066616337386366343330626132
65373364396463366662336234303939343532366661323533396630323263346265333765313538
30663632613961373632336232343137616265376234303532366634396237636165616432656438
62363231313237336234643961653632353962633033656432323437396466333834386463336131
32323965333736396366396638373763323164666334353537313166633864373230356632636465
34666265393432383362333333303964626438633136643636356463393934323061326237353333
66626162343834663636353563393764353833326332383562353966643066393938323133356632
63393038633236343033333139633439633631376161643738366637303732373266343136393165
34643939363035386366623632373064306133633062353034656663343861363030356236343232
32303437386532383435333030373632653630633264306165376330383030343939363032613365
64303463323662336332633538633063303662356332636331653262653162343036363033616139
35636433626639323535343938326461376265393533306361383539376361326332336330383733
65396533313931323461353866623834366330363834316535613466633333303063306136633032
39646262646135316438306534656463343738643061323136616331393231393866633733343862
33396638343964646436383530303631376233343737663863613937626438326131616330396566
66303366663762333933656466646233383330393134646337306664356465346532333663626364
63333431613661616465646137363037643834316234316562333763613063653265643563613430
34363338666362666231303064666235373134396537346261643738393337633462633037356161
36383264393863643666333230373063343864356233363732613363326163383965373462613036
32653465353836333038306365633462323131383333343861343430626339396637626432633133
66366163643962306461333064376132393531626236313265336131333938353235613239653161
63616530313166343030656330633466373136376636623464353263653063343831336238326639
38346435656461343163623738636331346139346264313166663331666539386539353163316138
38303838353162303561353934336661343439386130383837366436333435366630636166393564
31646266623666366133343739643561366262343034356235366238643766623763643165643861
65353063393762383437336634353365393634376137626531663433316331363763633962623335
30626532303736356336333032333336366434353737633831363661663135316161643338633632
65666431623132613534633530316538396539303763336435373131396166656238313666343237
31646365363132353836663931663534633665613636373766653162616537356536303437633837
36376138613834666366356561316537666465313264373130666162333839386561363138343562
36303361396663393235653837393535396635636136613438396233643461643631333131653266
30323733376165616266646362643765646332613766303434306366663966313536613162643437
38323137643635373364626631353665363566376530333638663538633437396461383265633635
36626366366166396263333565376635633064356431336631353036623835323836653437373437
36353332653461313561653266653338623636303533353834383361303264303636653436316264
63306665386632616366373937316162363538366235363563363433383134636564323162386463
39303334353965633964383062333732363435643662633165663364383135373939376164316566
65356635663739353530663266656561666336663238626531353061633530646434613862643634
30303334316233333134653263613139663832623330333033636139663263323261613038373562
33633162303434346261323465373132383765633465363663326636396331356665316138653236
393734613161663836306165653635373932
