$ANSIBLE_VAULT;1.1;AES256
63346264333536313666376136346134363465383161356662356136316561623735333035386333
3136333036633265313936346431333639373463373633610a326261613961613939636432333539
33313432386364313936663230366537643431656130383231666633383661356139316637653863
3439356462346266610a323463326263386166366335626535626464373636666163653236386363
30643566346563653366653832313764393762366164393831376238383033353865316465336331
36653366613166666338313535616363636332313932633733373862366636393138643133343330
65373737346565386163353936373530393764363534353933313538626136313064366166383965
34633438346335373130333937333732653432366637646233346635303731353732303762653837
66643834653765326138396338346235383764653566666535653430343038663331636132333561
32346334623134336338356230623134343937633633376533653539653666343461643737343438
326632363635616231663965353963326433
