$ANSIBLE_VAULT;1.1;AES256
33336234623531623335626438333339643566376536623566363734336137303661316263373337
3435623232386161383537376536396666636430323937300a663661616337353335616161663561
31303965656534613038343261383037636161333730613336656135363039306639333131633466
6435343033396166340a616661393239613133336630613061633337616630643336383463343436
33326138383139666236356639393163393935313862626330366631383036316232306635623330
34613833656664323332343061613361346133646261646132633230346635336433353739383931
64613639613961633866343461336266663636623130383433356431623639373166366530666265
32643862623130363930626235663865323761383430313066643261396436383363323734656239
32333538656335643639633566323263303531373662353531636466323331393661663462653636
66346539326666303236303935363136306337343964306137343361656438613964336337373763
336336333466613035356333633562316334
