$ANSIBLE_VAULT;1.1;AES256
30663932653130306436646262336135303532373635636233336130386538303166333761373139
6439393365343264383161393638643963666462376466380a313766316534323238663131383236
37663732316532346535663236326531666336323735346261356230613562663630303239326565
3565656635393939640a623564653638306233333637376465316233346337643631363739333966
39333262616563643233383534666436376237323130353937653531376135376166626238616638
66363666666332383765383634316664306235373061633739313839303062613930313930666639
63303534623730313538366662333766366666613034613664643064313737636366383239383865
61313134613966393130363933633331636135326262636565386365336162303535623261313066
37373235636566636536353031656539626631393066363231386332623438376635616162393031
62656430333035353536393364373432333537306566646133306462613163613033346235393231
30396564656533363039633665366639386137306661633666363062633937656334366137633764
38326632656162626466633332373262393630623362336332373664333761306362363631336364
62323766323830623162383264346232346534376235396236626261326134326534633535303263
30326662363833386161363435343065633633653830383034663566313861663433313539656137
61386135383238643535386135633733333637643830636334303034383538643932643231396434
30373335333864646163386235323131343038363564396138663836313232356363626464356365
62396532393233313863653536653865313331316163383036313836633636356138626263316563
30383864373832356531663531396566393863316637623339336262646230656361303831333430
34353536363362643134663935656466376566653564616132636165383265376462353937323461
38316266636264663436616462663863323936643333306130303062663337623333653933333334
66313963653737343361323962323461633734383933666665653732303931633466366661303662
65313838383234656433633463326365623561393733613236333262656366396432316532316564
37656663656637326136666666376338363165666130376637653230383133656565313364666237
62313134313633646532373362363938306637626464666266346635646130303035336430646165
61303939383963396565663636366530333238616465626536623933376463383362623831393936
37343265373532626132643263306462663864656362313864376665313834376337363165303031
63653134356232356436663833353232393766386363363339303034613166363233633532326463
32663639666436613836636639373461313234633435343463326663643963376333333236633337
66313736376234626565383566353437326433656632653363316234666438303466383661303734
62623335623939343030616264356162663135383063383030323361646631366264303435623534
61313032646133343139393562646465373662356162353464303735343062373663656632363331
30633763343430666362376130383862303734633631343737643762393661616239336331333866
35343661653065386434623634613936653163333666663232326661643533626537363131623531
66353633626261326235663466303031376337363131633930666261663162613666306339653063
33323235363766393465333034646230376261313762346231326261363332643365336666613132
62363437643630656261643132333332313364333932646436376361636431356235653334303862
33316130306564376130663730643366623136616432383437383339333136383438373634663465
33343334393932306530633737376533353339323933323264336234633134313330343331626630
66623166613330393731626366376139383063626237396534313931633632383961653465613661
62366631323337316161386137376164626136323962636665616661373966633631613661353532
38663631613831613839633334653130383766613239363462326538303730373461396262633538
65376462333032366334623336666564326266633037316631613164613631663631393238396631
62356539383037393138626331346338326435636365646162373730343466313966643635623765
38666530366239646630303036353730653337393039613761376661346566646532626339643163
33303238643565373965326532623331636265323737663332326133633230633964633534306565
61656166376461336635316538343434663030373562613764363166386238366638613139616664
66396433373737666431333364646230323661313935386462376439316530386638636663323137
63386232386562306634346665376666653939303230643563653666376538336666626537333065
65383764353464633139343564393463663430646138393565366463666465313633616664366137
61333732363931343231323338646432613031313662623439323433333739336137326435613333
37383065363135366464323131386562623466376234636335393436303435333063306465366262
63663430646531306666326132356234353163326233393137373565346261343865363862313665
61306632353464316662663937353535623738343933316434646264303161623333323062666537
66343434613262636339373739303530323263666431323030313430613762653566376538396463
31303062633563303037623861313839643738323464393130633462663731326532613330313033
65356262316336656565656663633562353333396366623361663432393934626236646262616261
35383133336136656537313532396539616665373164643462353635346665633433663763626532
37623230336237656131623965346364303830366661353266643961313838343638356637653562
62373736663930333139363435346238376233626337373934643730656134363735393631373562
39333863306563386638663536613364396430313839353133626663323364383766383136643465
36333261353062393866613738353139633531656431316432383738353863376335643039653563
37393232326138316239306337353835646461326438363032663966326164336463613764376633
32656436643137306630643463336337356464346162633432353131623265323866383664323233
33333265633030336364653163656533376436666130666662383533396433313139663535616366
62626234623265353861386562623664626563663431383336653863373136333230653565633762
36396434333632313264326532353563633238333936363166316332343364623933663631363231
36393639356134656266366531386639363161616331643765653966356266316330373166623834
66616336343137306136326263363235363033623230363831643839626330613733666531346333
61313134353835656138303466646139323036313365363735353466326630333831636333623063
63623061646534386136636339663533653930653730393031356462333365633861386532326266
37666131373335346538343561393137313736393135373238313230333564616266383966303064
31303763366330383963613236303763303738653364393563306336333930303933323330653530
32613439316434323664373439376564656539663263396662653033343337663534646434346537
38313765643738313530616364616236333465626465616139613831346338633264353234383331
30636139376330316630373361363334666266393166373762313631363735373537353266623465
32333063633161303732386339636162363631313338396236613566636334666663646630343232
66616339383432316432663531356662636263313639326230323938346633353330653335343133
66626533613932633366396164333234643965303731656665646639613330613230366461356139
63623931356638633339623734303034613534613062663037656530393736376563616238313939
65633437316665353330343937653262393939353237663837633638663030373531353762343531
37613536636136666535303834386438646339663639333361363761373231366365613830303633
62626230353137393631393239663863363462373031393539306233343661643437363030653332
37306234616464343431313961656139613235323966326633393063383331633130313436393335
62373863333136323237376435616665336263393036366239653338633866336237616633313138
36323164656337313837623937303364636630326338306365343034663638393636653336393135
63643966633561363165303064346666393333366365336639376433303235303437323230366235
34663364646530613163356433376436376239623436663231626465393935663036393164333239
33323363663334353231303031666663636333623139316231653266633261363064343963343638
35663333386539363539353932653464663738316630373563333135333630626362313064613933
31363761653435326639333135646465613931373633303534393334346264663166303039303966
30643938643865383564343339303165646461333662663564353864643566363930626663343437
33323933633231323965333561346634393539326165353738366263353937393739343461636165
65373966333034303166396634376235373835373966323236376537333635383761333738656566
39343162383432396437343465333961663038313237653537313739613966363537376162663163
37323766336238323530646333613530313631343564316138663739653035323633353739386663
66363536636435613839306530396533633631323363643134343430613961346465636532316431
36303934626633396437663737646434333966313039353830653039626638663165346433653763
32313766326161313432333531656434336564656165326236613163353530383230303839393038
33396439363763333835363564316337643666303735353961383838643938653365616565336533
65376438303332656135333766343462353361386334303136323265303535313962353761356236
65343561646466346537613365613437626631366339306365346664363632613430363937303466
39613736363833316630653061336530616536346635666630653661376132666534313931643130
64316661333331633964373730343564356433356165626361343065306435316536643939373966
62373266373462393736666165313732633262376263393739633263376439666466636263653130
39393033366332613563383639366332323663653639383237383863363461353230373430653464
38656433653338323737303832633830396665353063626535333334636634663438316638636365
62363239323632656163653261643237333233316666316561303835323364346566613234663630
36353366626666373630623066636264636264363166356261613865326666656236653637616439
31633039636638613764623465666566646465646238393062343231653463353136336463393537
35646637393531386466653937656462616639366562366536333835623031343538646532636566
64636433623337333136346465643530306261386163356463326636613135626661633763323066
31336434346531666233643461626261333865633161626536343838613132616630393064613736
31656138326362656665303734636539343538626564626631366666616461333136393538323035
66383035666338333336346637333234373061363363396661306237643765626339313433666561
64393035346634386463363134633330303663633832373863633732636335393865353365326132
33356661346236353736653530636630333862333635636461343639643633626263323837373761
66373339376439373530613564643261656165336234303761666232356265383730633338356663
63616564363065373633636362396233623331616165353733656661383764363065366632363964
39333963323565383032343032636333616531316431326639383435383736653531373466663932
34626130366434343532643361376239366464353862666166613861663930303661623262323437
61316137363561656536633736353838643234316339643162633236353166623333346132646166
61656337376536393235626363323839653930333932396363353965363162623430373838623161
32376262366631646536663536646633666261343737303763363333373631626264326236613931
39616265373639663863386665386132373861613530393235656138373564623435623035376635
31393763626338353561306138373464653066333466383635623339373662616337373237373134
34343634616364636666626134613838316632663337663732613236633536383361393934623835
35633265663362386463656238323738356334656530396661633237623532386237306233613632
62626330383531653635326339336561306663666263636537306637613732396664303439333832
36363536653333613233613735386532653766376331343763633166396333393966663636613161
35383939343562646439643538313930613437393934653365636265323536666665656137313934
39653736333963666566393031396533623637363035356566653934663666363533326631643632
65333661383233663930313037646437656437303766373238346636623335303438333630633235
30396636313864393862393966383365623134363138386563373266356339663232323337333061
35373462623464636635623561363464613032396566653536373966356662663439316432373931
66376337663932613964663436383937633863373131613634303537303737613732643533353731
36343033616235313633356338643131376234383564616463393235343262643038656235383130
64623439346362336130313032363938333231366330643131316433303137653963616662346233
35383462313234613663303439653534636366376666656536363564316239383065636263616261
65313066666365343934613933346265353062343732636266633263656130333333623432616630
38633861643835383365653530343162386234613132616638353162373961303461663163353736
33343638313161373964616261356338323265343765333833626564633038386632356131303532
63666465386532643765396430633064326464613961306538616230323265626431643933383763
32346462646161323236363433393633333735333664363563633035396630343537366565373637
31623262343861353331623766396339626434373161316438643166613732353535646238616165
36623830636163333736393662613232346530313463626136366566373066393731633139323830
64616231643833313861383634313566393733323535356532353934353734313766366433313138
31333531653636643265373238656335396134613438303330316164353436633532303961333035
36653032663730383661363761613838336266643037656432363165633731366433643139303337
39646633646464626231363734643032626535333635363939656634353335333633613230393932
33396564393930343565636463656164316535346536303131316536636533366636393461323035
31336632323363613438386133626131623535343238643839323134653334373737376438333361
37366138663336393266343935313534666337343537613461613430326435383865636333316533
31643936316538383738313066353661346261653736613234306635336562393131653537393132
39366632373866393533383330656430323331623264323830383665343933393536303233383238
63653135343463653464663031646536333734653362616331363737316333373130663266353463
38323535363230366539323966373736633065366464383635333161376565656636393338353561
66306132323931653736363861356435363361393730343130333130366162366639363535353932
64316563353633346335623162363836376463663134336261383635656336363233663632383739
34643366666230323663346665646238376661646136646164376131363339313066313733656438
62636461363638623065343262643338326138376630333764653031626430656364383437373365
39663030643866613364363866616637636632323537383739613861326664363134613763346234
66653135643935316534373465656638353134633534383438623139326431353537306334613737
63623430636336383561663434663965633030343935336137333037623230646538306365353639
33323966333132366438303733643036356133313662323937663235313532613665303635303035
34666231316263383032646430393063303137656561663962656363656435326464313033396266
64333132366266663962666239346533636366646239313835626664656439633131333235396636
32613139653333633039666464333839326135383265316430663364396134373334643166326539
66336364313138316635383731353839616363663337363437383562306238306563613733373739
63323730656531633638313734343135343237386662333163663963653534366338653137623933
63336539623233613838653339663765336333313163323630306464313061306263333030616635
32306235646366386236303333383532376532303463616261643231616566623937643938633532
30626461356635306635376431386364613333353464386233373462626165383233303165336666
34393233633365376636663638626361346332366461663438663633393030613963383931646232
62616238663366336233653563316365376530326636396465636265613432363138633238373464
38346636326561616630386562346233303766333334656361366634353934396664323265363562
33643036353266303430313734613362343135353265663631623535316339636666323932623935
30313566376634343430313434366631373231636663633136636332343239316666346338306561
31626363356133316665643139313939376566326362393330303664303132666539613332666638
35323736616361666264303633613363643362346234633637306362633632303763393532356163
36326163623932353033636664383130303164306463663232353533313630653433353737303666
36613064363366313530373338313536363936343138376531383665663132373664306638373766
38636430333761363037643133373830323863343531316639343636656566333161616665363933
62636139343062363530643761393365333061303363313065323562636539653231386161393462
32303136653634633034636166633966353862383235356638363739646461363539343230623435
30376464363133356631363531626263666463393330633965376361666665313939633737653238
30393034613534333263343032303231333666333335316432616165616238306532663739303137
66313935653461373964326134363233373232616433333336666134376138653666386337613333
39323939626638343661353763323436623338366630653265383263623161633665343665383732
35666665383034356631383731643232346536383735313833386261386635376633656165666433
65633964616666616637326461663963373331613133326632356564613035343261323335336363
62336533353237373334643734663363376434373236663536643264646266353232343463306338
38383765373961626366396231663930613330316338366535633064336464656530343866616638
66393634376164316536633064636639663837646134626535626235323464313338343366346464
33373439613963316434363132386134306432623563393838653135383434643862396634303561
63366665623562616163313037386637306565633838323561653439613131373635313032316566
62386263613264333937383766326464633531373736326165613565333064616265336134333562
30323836333964383033383832393439656535613238306333376435646239383165663863643064
61663638376438613062343264306432373663353732373433303232613938393932323865383434
34656638653434316133653562336661656166366533353337356164306565323830346532373836
33663065323965633132626430336536626661393136353635336339633262333364323866623235
61663233383130663963656561393533393330373538636662633931316231356230643034623664
66623133343031323131363264303532353539386336623763383239323837346633366563323033
34326237303630363031346238626364303633386631613439643037356238643530653736356130
38333030323639396661323930613362386335353864353265383632313137313533663131306235
39346331633162633930366239653734376631653237633131393035333338623432386638643231
39326332343430323365313938343736376562396631353532316166646330383833656339353462
32323261336633363038656431636638326665383631346631376333636431346537303331633030
37313466653539333862656262646335386534303636646131366363363463346430303434343264
61306238636533633335663535626138386362653330626238663330613338393762643465633362
62646634613231643732306338373937633263393461326133613139313062653962303634383432
37383831306237653337663966653761313366353739363366636136363230623930396363656362
35303662303438636165353038336139313738623333633961623836656361323935643934333432
66356332376334313036386531356530323564353133386161303266623432346537626562623032
38323863613836356165346236383337346338653137663637336366666438666665626561313066
63326233303130383737376465633332366331623637323230336130363337393563303330383463
64363366626432616539343465616664343937393165366538646262656138633266306338363337
35663162333364336533316163343966663130656363666264383666613337306565386632613337
38616466316463356638396563633262313532336533363030613562356334393833373838656432
34323963653235353838643435313235383535613166353137636262313532306436393633353762
37346132636533316463326365633461376463346466653465316132643136393630383136373864
37386133373164363733656165626139376234613535303661346336383532383233616463363265
35313363666134663938393133653636663438386166636534383334303865656137363134623165
32616630613666366139383039613839666131356563663238366233353638633235373262326539
30346235313233626464376432626537346532366532316339343835663234613634356536333135
36626238643161646533353565303534353435663462346463353931623434396233626666376630
31656165653034316338326266323530336363323132633134353933643766393931653733356366
65663261333135666436616361313463356266633862613062306461393438316166366431373263
37393161653137663037653531316336316462646661616263643430373137663261613734353035
63373439393035643935366563383336393562373262663438653934626532653335643166663161
31646366616237663730633566306235663938623136616132623138386332616532353435333035
37623465313266336664633263376132643332623865323634633231356165643931343365626537
63653231376565623166376666643761353364663266363932383131333034656335386563366139
31353336386536663466323739666338643634623931353133613734303232353061643464653064
30333963633435653632366436353662343939333538343636373663323561333430636532366130
30346561386330636232326463303332653064633235616130303865643732653133656137336334
61623637316464303735646461393363316166626533353032353531386431353963363566373532
38643263353365666461386634373266653837363038633262386563616237353730353361616366
63656137383563306139353863333539386136343165323830396364326136613234653165353930
30636363366666396436346266616161393232373165376362316637633837663538383130336539
61633164653662386432646539343766393634396164343530346261373030383432313434346536
62653965393334376139303930333830313033343266646438656464663561313461343137646366
31636432643266393639653231386238653137616533666234313263306538356536626161323564
64303737666666306263323635343866633364383463326430333063383830653639646134663132
37626632646233323837323332653164333139313637666161653631303136323730313037356634
38383261633339326564393262656338613565366339313864616330333133306364616563346134
32346534363066353066346238333438333665393134626537636431613435323131343733653530
63343936323662346534623430356364623138623339353231396666653830343061383032373363
64393034663934336363636630636438626435323132383164316435666634356362343662336133
66356239353133616237623663326333613735613936663863383666373265356331633264373739
33646133663861343631633430326364343736303861646439303662396237666334323363383636
37653464363232383930663165373435353330643438646333356561306561616532643865323331
33343338363664356361316137633732663934616464396236376235616231633161336136643234
36363966363565613935366238353932363762663736653761653337373336636432666334326534
39623037383262636666643039346630336333373433323239643937643061383035333337613362
35653530613134323831336435333731313434633934303666383664383830353665656466336132
33333330343231646263666266366532313334616233653266356632353538363432306539616666
64363931366265616431386533653661303564626161343865653834333833373364303337336634
37663539373737613138626133633662303864353537346634366138326265386363643131666138
61666564653466303433343766386433306330383137633761366337363962363938343034636166
34666436643563333636333530613737353537646138393764346534356438623037666435666335
36373933343232613935383732373236636234323036666536653862383033656562633930386264
31643165323164373664313135306265313635386564376630353537356334646534626364336330
33333235353139326164626238666266323733386531386464396630376661363566626461306239
31643265343662396663643330623532623839663532396462663562663430393835616264363539
37636161633832316437383631346339393166316535336562363265306563306236636533303664
34316631363435333962313630376564626461626563356164633162636338373437653335653538
31386233366536323435386238623539336231303465323666353737633633643437356239633630
61336637333532306134333036313535393738396535323831616235626132613966336633633334
62363932306366616531363164393634363664303939666165313361386331386561643033376238
38653462333133316366376565663131333733623738613166363661623963656464663432316666
65386636326465636562623032343665396235396533313833623539363236313863663661643433
64343039643633653466313430383132343937633565386263633066633230386164643339666535
63393134323235336330613837643733363861613834313565336362383335343132656331346237
66333862666131393838303632643533313161393933646638396265383939333361633166393966
30383139616638386531666334623137623534636133373262663963633464396336613866663731
38646337373935636263363661353462643134353765646264326336376234643235613566613131
32323939326339323864633935636438393163616134656632326665633938306339663036386133
33386466363436633530653435613636363938366561356137613435613762383138623831336432
65333530316563376235313235623132653732376562653365373563363961303966306536636234
33343865643463633566373232333163663263643832663831363537396233633561303131343933
37643231616435623032306163656666646664333837393737626564366334656261663062393432
65636166326135363636346633313834383138633039656438376464333961373666633139333061
66343432323162643239356337646638343930623231613632393835646663393438656434656166
66313339376462363161636136636533386139613635396664333938383462356134656661653438
30313134366261616164633366333230353932343531343136333336353138353662653166636630
62366539353333623165633161323130323434643338346433373764316339633765393838666432
63376361653566383536653465613431303461386438396637316162383265303661383531323633
34386563396666333966313161663730373730393533313961383763386233343632613965343635
30323832653737623164323234313761313234366635343233366230386162373439646561646532
65323933623235366434326139626235623863353939343766376430356164353864373331653635
37306465613837646163616135393430653136353131313031656462383234376563336233613565
37643436336430363735623932306365613463336239343566303234393531643937343163613130
62373032346331356361343333366464313365313961663131633763356530376135356662613763
33366532666162323933643934653535653435656634636335633134326133613937656236643763
63303465336339373738633734653632323432373162646134316535303936356430343264376631
63326564633637393762326432303935323661306266373438393564333265393933616535313563
62313265303361613934653035303839636336636464643737316438653535336365616230626135
38373235356139303930393832326261653235373331336533346336616638623638323633613564
32353035663136383361633138306561383864383634333562646430343235343939613763346430
63353138643039313434356132363931663530383965363361666532356231616464343666303665
35336562643036393931616266616162383336303062646365323962316631333664626462376537
62346133616436633038333666313239626165653161376433366138653433366133326435343035
62376365336662323761323163326337383133356663306566613338373338626461313165343736
64383965613664356435376362653362326164653164393731323930343663353238323830383631
36656233363239323635386137643835653663313733363866366265373434386133623962363066
64633031616364663864346533343064343662313935393163323634383364646139613635646266
62663566373761623337316134313933326536303538656531623931356461376264343236353531
63643732363965623533303135316239373565643861663763366636613163373061633335336464
39306632376164646364643339383465363638616237363834333837333136396365396433383565
64643862313162663030623235373738653739393230393438323564326263316564396663323330
33393836303762613364336337373731666263313132383065373266623338613530653966626237
65343764313639346632616639313238306365393234653837366138333466353062646661633936
64636230626566356432313263313333303438303662623363613265343230633466633465343335
63656438346432646133653264366162366432316564343562663936333566303535383363343432
63633366383330633939373939376538373061656335376333306437393865333931623634663937
35306132396439306238643039313966653039626365386539643931316330386337666335633266
35353766343330666134653135333561383164376462386238393337326266303533656232353433
66343937303139346530663731643364366665386337626562366633326663316437636264316664
64666235353637646435323161383232356239363035613365663632376361666165303934366532
63353136343762613232366562343931396135353236306130646364303139653763373961393634
37303938313232616636323338353333373062633630356439653931363765353538396463623233
39646364366532613232613138346438656331373934303266383837333264333930393063646566
65643461613638636336396537643535626235393365356134356666663330643234353837656632
38636162613264346666633566383339376365663161663639326336326665326631626630373763
39643532396339383234623931346439353932616434326665333561323563303562376366326630
63616132323165333564366332646536316433316434326533386535656330393364343164373263
32303136643263383834303138393535616638666338323738663164313863663066633064643962
36633733656430306564393137346535376165323465313834623466333566613338316334366335
34343766356365653635386139383231396461313236376136626635613236656239623235393036
62343932643563656638306239363434626564653836333837393865353065373237333363353861
61633732396466393433356666303765356139353337313461356563643330616265616439386662
62356633653438613665373564636230366461383535323838643831636562353330386430363265
64623566613732636436373134366439373165333939626638613535376235333239346362663961
31653763633461363664373030643338343437633830353432376164326232633966366631303432
66346135636132663233653366303637323031386339373464373230323931616535336364633666
64623231303337373932306338616630393437653230316131653066306335376330323139646466
63626135613538313765323933373631666538303063376635396533636562323838313331363262
63643865393334376430343365656435616564663535626238646239356233393634623562633334
64613832313330393738643663373963386639376165366164663239366638366435376539656331
30633539313331326133323832653535306336333361633435633466666265306433336333376336
62313162336465613330616337656337663836616333613330616162333166613638376538646636
62643564663064343666353136373639663561626366616363363234336636363631363231313162
34363137326138373936396334373533653731666235626538383231663930323232613734633966
37366232376332383263643437363665386431343831376464326436663033313336343931613138
37353835363561613862316535666463366539303332393830613637636436303530666434363934
61303531313635313132613865663035326462383835646133366663656533323566366164336337
39326166666566326434383536303662323063333430383065383634663731323730653565633361
66373835663139343861626437626561356661336138306533393839393737383431316439623265
37326335323034633561356564656435373665623965623863383933393435643531323066376535
33396630303230376438636232363539343532343163393666633634383461663230326266386234
66396138323432396239353633303066646633373666633161376438326536306538623132376463
66333633613833646332316337346566343230346362626438636161653264326137643537326434
33643037323835383964616337303932366239353166343939653431313136636330346333343435
66396331383964653139373037303833336163343139303537623039386161323334666364326138
34363035643363623261623236626239303431346662326132346463663962356237383662303966
36366363633261353331306165366531643331326333323865343839656237373336623961643566
30663335393465303532303261313838666130346237326336666639373938343736646235303062
35386166626630373933353162353962336464633261646136633366646263396363363435323335
35613335366664396633373732653731306631326439306535333831393634356538363137363432
33363865363032323463336537646463316430313863316633326165353937643966346564646439
65313766363237643161653534653663383731376663663464396661646463303261653466653637
64303261376532623061336138373530623565313565646163393335366138396366653538303931
63633137316434396431353138313037313735386231303836636433626630386637653263373766
61316330373835316433383732666363396339613733316262643163373733326534626238623331
32613837623638383763323239333764393738333733626365333534623064373366626535366163
37626137326461316139626430613038303932376130323036626665346635383962323165336265
63366130303531343764326166333364353137633534313935336633623565636638316265653936
61356261353033323435346665396230306464313436313837383531643536303461633835396138
33383034333938653738323132383431313232343261663137306130343362333439303364333630
66666430626463663836333432323035383031363739623730366566633036666535636136386439
61353732633635646232383335386534653439613564613964383630626630376666383539313466
39346466343862356465343064623431396563336139623438636433666139323363633033383964
33666262613761303562323962333161366533336531613561666261343831633164316632363963
34303632333031393735346661336666666339623463343931376234383633646661613435636264
62326566313237626333336533316638323039376565313066353934633561633132663439393034
39643834343565353366313237663037346461363539663939363365616162386661626435303538
30653232613464313033613030316538613463333137386236323332626464633039373933666430
35393431383932383663653739353538326532393639643033383939323362353239343465623466
65636165373930643934396362303633373631363162313331373535623262333938303032643162
35656561626239303466616664323363646363613738386236616365346437376431333034393936
62363963313062623934386631386431393234393766316664353265643531623138373461326561
63616336316661306238323932633264643731396133643733663539646665363132656639396463
61343365383431393736616262636265386566393465336232326234393132363466643764613136
38323365373233323362633036613134323763393264663334333839356561356163623436636532
32316135626162303732333764333263343137383332626636306330656564383230306131643537
39613032323134656133636639663664616166646661626463633533343038653166336231323230
31613831333331663463396233343264343630643961613930396661613430346362316534316565
65386465643532363663373166626135316231303339666336353165303464656134303963303837
37353562616235663633383636636633363166623035616336613738343563306130356633323430
33653339613165313566323738346235313164383063383132313864666165626337346130363561
66613330636335663934313961613336656566656666323332636639303837386562306231356332
64363738383532613364343431643337353039366331393431626165316362376533346534393230
30616631633462383961376364623564313337626234376437303533383534363364303966363038
34643736376533343334653566616666646431636665636438336331303864663166386266346530
38343661616163623562333431626163353832356134346666376265306438326333353336613534
64356565393931316664316164326233333962616436613133363039323739373639363362616635
39376336343665633430376164663030323664653233643333346433393533383761646434373062
63393231323730376139396533653862363239373165326133363261626135623932333133623336
66623638613531633335633066666265303735393639633530373366626131616531376631653438
38616333353632373834333933343333623637356538386138313139323834613166626464366131
31626566376231303831326536306264653662323532363466353833643737383838326164613535
37313634313433326235386663383931336262653261666263336535303835656531333439366663
38666464306530303433656537393761346537383363633235653561396566363735633339333134
61383966393432383734653561336663303863616465656231663161356535376530346265393936
64323635653966396430346363366463363861343530653063303931653137333862623337376530
39326461623433633634396462623165383666356362613733333930656632613832316266653639
65353336326363336336323661653232326163613062353331326337636338383038316533343439
35643635613336646461383731393130623032616261643666643262376639643234636339393033
39333862646237356232643335613165396333303964326235366564313663353366306238393138
31353431346362636135646636303563346666396265373063336432353534653533343231333537
39373436323233396638333233613731383132313136666364363532616638636135353566626562
36373864616432666634616336663236666132626535623762393131313662373232313361643364
36323665613330623839323661636336663934386466306239386139313930666533626533333164
38626439616338323166613934353737303136383465616233323666616464353664666461336362
63616433333335643236316261356135346263336433373239616331383939346431656639646134
33323638663363316338636136366337393234613164616530336235306366343838623462643265
66363165373236626563393662316662393138343431666461393432373132306636643662333434
62646461343836623339383234336166373134386566663965373130616165356565353061383333
63643331666230616638353266333962373639346337383663303535613335643334653233343037
63323865653034336464343166616364373236343832326461376334333965333261653533666131
64386166303830373932633264366561353838636432666430356561393737333137636330393134
39663561623665306233333463343164613563323838323663303264616136303039313935653864
32323638333865393663323961323463303961636335396563326431653433356665376466356166
35363662333465343136393033343230396431613962626261303634383136366666363039366566
32616137323137656361653834313362316264306233373039643463306436313065313039326533
37313965666632326638343038316435333438303731663564666430366537376263646262313037
30366235383164383661366164316239653565383465303864616534303532343039393561393433
31353039323936666538323463646365363631656664353936393633333834623561326333313863
62626637633266346262633964646163336563613133353636306330376166356630363866643366
62363664393530326366633433346535383965316232626261313364653136383435633332656263
37313761313132333534613233323937343239346562363762656636633161303530386264623731
31616632653535383566323566396462663233376265666664316232366535373665333863383333
30656631363335643433363565326531303564336664653766383764653139313937626463303837
37613862306338373030386664633662363038346361386566616462373666613133666337666161
37633162616565383130346535653530663831663638633039386335396435343661393932633764
34356336616466653965323037333334353232663262653632633265623661333064656438343937
34616163373439373666343538353037363430666435663363643362366166656463386362613635
33353037336336663133316432653364643564646134383831613231343663643837383464373562
63383135636533303230353234313332366439313862613263626661333432626235306164623663
39666232356539323965656464666662363434303330386562333838353035316331396465376166
35626361663563326234353634306164663833363430353639623561393862376239613232363635
30393135336164636661396438383262356634343961333336353739306365326662326362643563
62376562613366353032643064396261353338623837373634393261383930643335356562636564
35616232386339613162313036313662396233386436323964383565396337623961326261396636
62363238653061626130633363343563623238323638356534393866663239666262396162633535
39313139323037326236313138356533643861353166383739396466323561386630663431303162
30333930626131326434613264323532366232376465333036343736373165323763306361313662
32333534616233366136613636363431623035373939376566633935616665306135366663353561
65653866336637646361333834616263646566343833396239373031623162346662356539306563
63373839383366313634613935633165303732633430373962363532316163666135396261613131
66616538663965316235663937343735663535393436396435383135643030363737346130356662
66356439643736613961366530666166323933613632653466353461613332306335653963356335
66616231343230623463313663376234363832373934646330633966313166636532623136316337
61373137396432323435396561356533623234373365643537316236313462373538613262393030
61643762376463333462343831663564383437646561373064623530376266356338613062663439
66363466396366313661656637346366373438663335613961383763373231336336343062353238
61333030336264666464333535356133303661613839393433336333326630366335363065373536
63633633363137383131306536393936336234353633356163663863386433626563306563336164
30623339333061633639323031666137393961326331616533613534626164396532633632373966
61663934633338626236636462316431333235353733333665303332346635393763306139666461
35336236343732623562613535383930383934663964333962393766623963643839636234623531
30323039316432626536333563633562653162336561653039303630666466616435636235363334
63373434353934366166306434653665383839306133303031333066323631336161626165613761
35616164393339623263366661643239663232326335633763366638333262363935363837303133
33356436306239636664666333666337383536353330326430646264616432353562396564383063
31316634396462396136336239653335653662656666393238393736386166616534626334663233
38313563643931366539663462633737653836383264356138663832663665323537663963666135
38306262636463633866336664336132626331643762393165633163343539343861396136653165
38306236323035613563396438366434623839663866393963376663343638346531313865663037
33656137326233653737313863343766353135366230626265646235666666366237626438393464
63333863646133316234386334333737616538353531636561396137343364633931303131303734
32376635343631386337656336306630383966363662363834656461333939306364343235643832
36343261626661623661353866663033356430373135313738343839636330326138643435643831
30363038613230343165643438333233653233623631306433326337313563323232323866323431
38306338336138656661393163653237363439633831373234353466663561613964373435626537
36636266303630383762366564646437306431376633333837656137643936323630653466386431
36303265613933303830356535383335306238633461313736623637626536303263363166653332
61393666303531323362646331643132383235663233346561353161643764623664393463633363
32346338636439383161616337386438623165373537613834326266623031636464346434663534
30313638346364363233613733633363636362333230666434363039613066626538373730346132
31636432316437386230343066396661366363303066333036353834613665346138363163303732
38656461623830626334313666613937313266616334356261646333353464636262363032336432
33323962313737336436333766356436396230303434393836363363336439386438623634323534
61353136323832303238363339613032326339373539333339663866386338356238396461336532
32333562373433333965653237306230666665643537396531336237326661326363373864323136
38383430636161336237666331306565323461316534306266636430363331643035613563323962
34303865393063343337313564376338323433303239636365346133383565383432323930636161
30663731303634373665336663336662316530356431346465653231306665626664323035326561
64386433663737376262626237306530343438383564623964383138383662303631313130383839
61613062336238646135373933613032626330646565313337643935313061633739663463613565
33373166333866656133366131303031373438353336663663303965333865303766313366636232
39326666326463336666306637363365613463623630353066626665363733626363366266396538
39626234346365376236343566333462353865353364383337656439313863343830633066643635
30373764373437656130353061616437313934363561343732353965663631363332386337623065
63316132623165306561323436343764376538613937663366363434383637643032316439356231
37393239623765326638326636376133373365643530383664323333376438393231396230366165
32346162356534316337316431353831396234626662333761626338633737613732636665643039
64336364336165393437663534326531393330356436616630383661336664356365316263313834
34633137343335326130316438336233613663653936616437333432656532626335306136613239
63643033316636303165646366346461323635396339323934323232666562613138376335636663
64316465353637393463633930306563303832333930323137336265363030303866643362323637
38326162353135363132646564356534626236313364366533346535316339323436316364616335
31323832336532373537623234666238363965383734373631623731316133386431653363663566
61316433643463643662336136373030646633353562353066653464643566623231356262313564
65633562353534646363646266303631643065373431626263373037363161643031313732656434
64656138653735303764636365346136653462623133666663653339316462303432653234386338
34303364326163353930663539383631376335306638643431366261323738616536656664623966
30393539653463306561306534313463373837373130356332353562623739653863353661363363
62316231646231393830306662666366653836613433633638373864626134353039373338656234
66313761663533633331653037333339366362306562363666383566353531636639313066336364
30386138333437663361326266323932633861396433356134636632376262306534316461363366
63393631336637383962386332336137393563366362393863306137373737613339646634346132
31353930626435616264326339393463616561323964323235363431613764646430613365653762
64636166646565313766613438626363663063633530663531393039313933623261623933343064
61323934373863316232393531303639393031613739383263393931636532366565313666313831
64626333353064656134373831613039623563646237336566643463303762363034356436316535
32323961646362653361623662313166303262323964663332613065346564343566376332363231
34623233313737333132643034636639613863663639636630393666363239613831326430376637
37363862376634336437633463656636383330323630306135353665313438616665666561646231
66623163313533343635326264616461666132346561336539336532633435353231616435646138
65653834373962633162653936656165613436323337633335366531633662613531623066336236
31303163626665373565623366393266663361663836666332653034353664343636313036353937
39363231633830356330643163346166613730376436326138313236653431646234623033656462
66396132643839656265653936623063616331663235336666663933336534653130303337393166
39386466396434356237373039346132323663623932363963653237663363376632313664386138
36326437346639623466643639393266656230663237346139363831613563386561393737663865
64656239646563633463386166346439363639646633666262616334383335353535666265313364
64353130386537316535366635343030363330646334346434336330626664343131393132353933
33613139366533653864613937333335343563616564306366653432383338626435396266363331
66323136383261653035303962653236656162663164626562646364333766326261323039663030
33616331336636316637323037616634666134613638333632376661313635663663333735666235
32613663353630306638383162653066656662633637333435313431363364656439373963313735
3664
