$ANSIBLE_VAULT;1.1;AES256
35303462663533643433393162383331623762623038383738356531336139373032303238303930
6365323732666332663130656437623732306265633036660a613765626462633832316132653735
31623163323363383631306264333861306361366235313635666262396638323031343034306665
3336333564653733660a363732386333386432646439613330323739346332313935623732373839
63343432313163656232323536663435653432646532613436643531343665656438346264653866
32633766626534656337313864363930323031373736386231366439666430663661643038616134
63333333326230643430386363643161316532653563623631643465343063353134333761323461
31656637666666616231306361316366343537306138373132356534643666346231353330333964
30653436303630663133316230633636333039383262306434653863653132613333613966663139
61326461623236326466633237363638633633383361303666653365653736383366626463383337
363335363930336562346538373465636436
