$ANSIBLE_VAULT;1.1;AES256
65333636616365646234313963633031343630353864633637393062306136333165633165643735
3461633339326664303165623431353762633530646537310a386465343130343032623633363838
33373163633034633263336265356131626432636362303830336532363338306332653337366563
3964373366633762370a373030363766316562333535386538393435393839636635376539366532
38333965376130303464633035623233346630643032626630353762326434666334373763363431
64613766303861383437353732366439326639336361336566636234323963333334383336393236
36616531626362616461383038666439306236656436616139653364303565613232323834353561
36386633333438313464663866343538373737633639623738663630343937613839373639656139
36636666346130333535306336613231366436636164396439333435636663323237663436366265
66646165633836663061643639363362323232393465653335313865646465313563613930626139
39386439633835666638363734353237383031313966663536366266306662626634646538356139
64613531656439313739383838626437323935376562353264303164306465396364646165646566
61616261333039343035633534393733393836313030646665343630326432363434396361396465
62646139626335643832353665653363643064613334353138626661393136303463316537393961
32393561643832363666396266633430386261653432653262356266363862633166376331396662
36663535373862383633366164643439373165623464633761343162623261343638373234646263
32613832393032323739306666393136306362613065343566613436396666643531633837336436
62306365373531623662303130663034396331373236396665326362313230363364613931323135
61346365393334343161623062616663643561323262633862613661313864353939373764383265
33393931656136303663353631316362346565333164633964393535626363333865383664303666
34303763306564386661613832613333656435313537643561313466363363643764363036643762
65336337626335333539623737363766623430666266303831643939313162323131353361323866
62366436383235613330313861376561633336643963323031343236663932653762316439353236
32333262646564323131333565333434623831313435386233313564353335653033323034326236
38656262393834306136653439303330656130343361386536653039343030323839333230306639
30656137363132376639353732623136663631353038666533646535376264343761326139313037
62393839626238363036633565636163356138623430616239313835306338376137666633646665
63343736613234616165663566343933366636383866313837643032383831653363626663666461
62303265316636653066313064643361663633656336363131333562646665393963366163386336
31356564356136333564653530636335323435383661316263386433613133613038336166336430
31336332316530636638306437326130333135323033373039383637616535616264663532656335
64326662346133646131383234633636336663363963386530363030336633653935373234353935
61363265396234366533376538633335326637333838663564323231313464636438316461353735
39643530623637386266306537313133393739383165336563626633383832313537623138386431
32326432323034633833666661343063323665343135636436646630396633383239626438376433
35323861396533613939356639373635636463643238396637323362306239616338656235383134
62353263316133613138383165653938663164303035333738386335643038303263333434643763
65343263303464366664656434316566376434346637333733383965666232333865636331393536
64646464386632643832376664363438333332326532376232373163316162396531663061373134
32633036616666306632323733633439306564653736646331633061336636316636666561366537
66656439663764346465616533646161623136643332393864653234633630613435363833343534
33616633616631313763613931373366643463323966363433373133636662396665636636336361
34353034363333316532653036626230623430656334666564646464316230326239383131323331
62306263613039333265636437366134656631663237393666336138346461383961646537353232
35326461393232306330316666333864306431666130313362313334313732323837386662386365
63653365376238336332666534353938343962646533303539623364613634366230333365666532
34643331383261343037366263383633623263353739653064653031313235376131303064346139
33663562326434326634383036613862306133383162393338626366326463613965396666616430
63663939333161623137346139663763626435313531313665366139643439616234663065303564
32333233386437393631663534333138656464343230353964323062396334353461323830666465
33633336363436303136333362323163646637396138643835633636663631626162356366626639
39303637393730306664633866346166623037623466623263306636663134646165303833656334
63396135633361666233613233373536353965656637303565336637363930363238326230626530
32353961306164646263656136343166333535613938343935623736333830663834633762643365
64363063393438643836313039306638643539383838653233323839336364306639643934623437
65643638333837363638663261363332613938623065376665666463653463356539303961616664
66636261343631376439393531303063653635336439323464396131356336306265616161306636
63333236616137663833313864313938643538633265386263636432663536623161646634353062
65346566643532613566656332313432383532353330363732633531643639626136376462386134
62646430633838616261393533353665633230326139323036393330613538363736393163646362
35643764653363396434656536663435316466353765303636613862353061303337316362393438
38376137393538656239343836363538373534353665306162663630306463313837653037333031
39363665343062316364366264636532303230373336633864623537393239313030343636373638
35636337376532653064636636366362623165323662643664636430663761633262396661643134
32363562316533393766643437303935653162396139363937343864323963336437353437623130
37613661396335643730623235376635626165623535386164356631633835303239323138613564
35336163313831633737383833616363323665643334643066656563366634386265666361396266
34306536393835383366303630343131353439326530353764633762623364353062396636656234
38366431373630353732346162373434633261313932653433633330623238373061366133303664
33643363613062306234663735393730643963323964646538343766386237333063343831373764
61656366613431366533333765323431366166353362343739386331613534636166356564663965
65383435396464303438306636643539306338343530353137393738666164353065633362663738
30353339626463343135666266636431396430323238306262323636353463353732633238646437
39313133643163663964323237623735643336303239373766353130353164623861653238663738
32366265636662346439346331383233343236636564623939366330653732376161386339306466
64323666346132303963613536643430346166393533383461393234356663336139386462626633
63653261383230633630313431623966356336643332613731346331653834393435663239323061
62396561653266616438303661346237663031613538356363313061353833663939396631646165
61643566333738333332313266383435316235663261646430666464663236636635343830326536
33343535623835356236643330396238323964316364656536633639346664333931353564356132
66656662623033623139366665383738346531656238373937393338373764396362636439306436
65643035333462363465316566636432353966336230323866633765626161383763613064663661
33613235616330636631363333623961353062666531353565323762306530653936363336333232
37376237343038303038346234353335303463326461356336333165666361623466323963363538
30323837636637626135323064653964633538306461353336653035343166653838626435616264
61353135316237376265326332366636653630623039653139626433333266353535373464666238
63653230353733343138393863303934383836323664336333646236396263613234353334303035
33386464353233313432613638383637653838613233363337363931373433353062393231396333
64313737303965636365383632366466363530303366393964356536646263613562363931663864
66613638396430613331333437366231653036616230363839653664356434336534663736336438
37643239343037643366316264653033396534356465636634316138316530643363386162643637
32626235646233313264373639346632616165356664313632303466613332663261326461343163
32653632663430653365633231633838656434383030653231323661643266366635316466376536
64373163313663396263623936656334353837353836656130373738313334386133353739623865
65616538353664336130323466663563326537333262323733626534323034316664376461383562
64386337393831383663356331653162666630613335623830643363613033323364613730373231
39336161376436643230376265666264356537313838353665316333663762653061663237646361
38376535663437353436653235623164373036613066333536316235616463306237386437303830
31373261356330623435653139343863623966303466356437626537323939326361623132323261
63613634636266346639663136656533373834373730333765306135346563376333633563393333
61393032383062386633613238303262343439643163613934653161386263643362663262666234
39366365333562313932643565363833383631646133343833306666636135363064396338346438
38326461343132323639643333643931376136316636383562666363343663343635663637306138
35373961306234663963383733623238386130306362653261356366313438366531633235363239
34323635653532353334393133313935366237373738653366663835636530616131313030366364
34323961336664313061393836646537333332636565303530616364626263316633633166366538
30346165613661343532363865616163336636376233383635376538373232623363366138643233
35623433613262646563353063333661306461303862306137653962653061633331326531313662
33366162336532343838346265663330616663316536333737356265376232626562653732333765
35363863613931363733373333666438653031623766336632326566393731636463636663663835
62363431323765633132326231653761656263636562383331326434633330636539346361333063
39646130663238386162343931383862633464373234303235623733343439616461396535366432
39643835386539323131333333353262326136333630353366626164363130653937653466323261
37646163323262626439633935343539336664343038326634303063353130376539353837383832
32666635343433666430373432363561373736616266306363303064383535363435633765663037
31633730363831663338303237356662303739316536393664356336623732653363386266666261
35326166373835346239393830346564663664663365393430626163396237353132323532303465
64356130356535636662356338373836363363653337396166616339343130363264303734306436
31313435346333623065363065316136303062343233363266376336663037303431656566346131
32323831316663646233656238643064393138626133323162626533623161373938646533323732
37333638616165633738633236313166323639626665303131613735633136376534396335343637
37386461326337366339366263663132373066346166376630613533653236396264666162396538
31376266663739336237393030613032633664343036303034623532636532363361303566626164
35666431623531656130383637643038343638376461346466306234383034653861633931353433
30646130646531333830613737653936356165396662363939373037656330333036353238303935
37356161336666313432663161373739326639616632663030313235636331366338326639613237
61663532326431623962393636313332656237383062393265346439393330353237356337653938
32343234663830633763326133363437373164393836366135386435353865643135616233323836
61353531353164636461633064393132396239353064353131326332656361623539373361396632
34316630333230316137386635373133373436343832643462646539633065373234326463386138
33633633656364356139626162393730653066363334393366333963323764333633666132653538
37653437643933613338363734636266316639303739633733616166303030306332343337333637
33326234613435323938323865633365656238336666323164373032633530346134623762656231
37376635393163353061353966616362623633373863623332613939626535646138343233343766
31386533343637616134363932623934383861323537313563666233356133366132313064333766
36656636646665323464373539346636333432353637623932613065386462636635633265326130
66363364613832626466653032363133306434363333333164383663636165303934356566356663
32653730336161396533363464343334666332303866336534376166616330323065616531663162
31653531353733333437303162643335653664323438656465393466626261336231663662373861
37303461616236323632653963373435356163383538643632336166363836346436313365396130
35316263633636643266613130636236666263373030343839643362333166356535663435383265
36333065323330386637313933346533313830366239373632343536323038653963333762336635
34653539616436653332313164653731366264626232326239383438336435623639363739333238
32306238326530306439383136313937363064613435393832613237356463646434303264633132
31653636336666633636626666373638323334333331353734386232643233313165366262303632
32383433373163653265353832376663373862653834353430326135626363356535616262333564
65636264653363373833373436353165323833656338643332666337366430306666646132653430
31353636393762373639366363633062623636333861326534303834396333313631306437363339
36316566633265333466636632656530366333356430643962643131653965306432663663363237
63626165623663663739373463626463376634653830356261376134616561383062653934316561
65636638383433663061353861373863623533646334356233616232343734383162656336626137
31626133386639643635313465313132343863643031643664613464303434346666613535313736
63396465353061326539616335383733656334653032303436323830333463386333313039366332
35303933323863626131653935383735656632356236346639663234656135363734356564663335
33316633396663366438656639313030633164363930626434383935323937363662643661303630
32616630376331616163656139356330633033616538633230366366393361323530616435323338
37396338303332383632626333653930383561313632313438616430316331373964303237653035
62346434653932346633316331613538363466613332353230656339356265343536313233643138
35636532333034613466353335666632333336336466393834396566333839343836623238613432
66663766623963336636656164616630623364323837653165393037396432633236613464356334
38313766303663663865326638363733616565663736303332363063313635616636363264373431
65306536616530616133626365393463333539366662343863313961343462633335666131346334
62316636393531643063306162393863613530323565356230663534633034396638396562383838
31653462356138373363616130373337306633346339333833386637633365336630343661646330
33376332316231653834623038353563643630386464343462373263653733313365613239353639
65656166633039353766613761666362646634313934653264623865336631393661333335626137
62316462636639313835643532656131333835366530656562333236393265366566613261333039
30646539326462643262303564326133633531343836303833666336643963613139313064356237
37363538613465376566333763363063653532623962353532363139646265613936656261613662
62623735316366313234386664666238323661396461383133396631613034303661363265363635
61333062303066333038623333366338306338383537336239346363343432653032396533363836
33336131623362346137393237323236346536323763646465376635333932373966323961613330
61666331656439663232343965653066643435616464376630626433363136623564373836626564
36613136383138613631383563663438616431636437613239333563656433643334636639396237
62346231366261626137383262613565626338356230646634623031653163323239313662613066
66636635303230323463376430316564373961323336393030353264643866333939393362373132
32656266313636353133333465643963616662376262663265613031616333633364643536306563
30633737646433633332646464346464356563396263663838346563353633353930396161323730
38643164656566316666393538643237333233616336626436626237336666336133323838666235
36393866393262376464366430613236653863323266383332633734306138323839316466663438
31323063323162393933383937636437313131316364376231376639613263613164373439636164
65306635313730303662343165633537346337383966306564353563396162336562366634346266
65336231396638613535393837363832366565366536613962663061396135353362623031356437
39366166383739663836663434363430626638316238633235363763373663343563346233316238
65373935323339323530353536353635653731666232303835646334363764666338313933383138
32653861346631356138613765643735393131353663303338623532303534383139303934383538
63666662346434313931373935316131366437626464313139643133646465313033316166323364
38643734363331316437363634336264323830656562353735653162666439633432383834316332
39613438316233386630376262303931396663343964393338646236643031326364646138336561
61323238323066656131653931393739303032306637326236303830653133326533616365613266
35323566383661333737626432353632666431623166336336393862333239656233373531643833
35366161323131303939653766306436393664636261326334663664613138353166393235653862
35366163643631323338336231663631323762643965393231303263316530356236346364663663
63343862373432316565353333333266303135613766663431393162646264333465383662376535
36653638646361383234333934376563346334326636343837353064373530363665376230363433
65326239363435326464626239623931656431376636353731373964313931303431346665613231
38393732353733346432616230326333303035646462356466393238346234343136396461356435
30646238663562356663396365386566653937666462643661636533623265396534663830626139
39653962386363636530623136626133393364353465653435383636363332313931376437626262
62306164656166326432323262336533656237346436366139373036366630613138376362613638
36613337643837333738356462316664373130306262353730663936653164623531356230636536
65316434623532636234303966663935313066343966653035383462356537653332303164653564
33356333633366396166343032613461306631656661663633343865306236323866323839333364
65663938376330313339313436336439306634613363333261363934383137623061363163653933
62366164633332663966616538623062393763353931316238333632643236356235646463633164
31363635613065333231643836613938646664623734303739653832613365373366353065646438
65623533356435666464363461306365616337313963373432323933666363623338313335653464
61643966623731643562323366613861316330376332326466313364346430316633353437616231
31386233363762346165643165353333346266623531353431326436313564323130343737353862
33326562373733333431366233336565313465616336633536663965376635653364336235326131
35643736643963393333636630656435646165376464343362303861363239383430643632393730
33616234363765353964363662383264663733326539386165393963343832313366313166373763
37383761623135303237303962353164333932656536373466326230346236623231326536626634
30613338376439376162663962396661653935656230383734376137313764666330316436303032
66353831323161613066636336346663396261386231396663626135336531656361386163626338
37373861653662633030656333646266323835646231356234646464313531366331346432623765
32333161373534386661373334316633633139323362313665663436663832323831633861653837
65373265313931323934626638313032613231643663323439626539323733626337323132613133
64383230636431643337303962663465326666346538303133373935313136393135646661653739
33633431323261613666633336616464346335366665643933366436356361373838666635663230
35643265316363643433643164356266336235636364353164623932656662393161643033363662
34633463663635363165633434623465663363343562666535353539316538666561333366613166
62326434643665323462356536346438383836663166353030633464373932663466353439623866
30623333333533643634386566303264623832313063386137303061653762346563316336373335
64353366396365383862666362383634656665616662386133343064666238626437333065616665
35376362303533613939653133356630613936366531306466396434363066396662376534323861
32626133373964646137636532326565646632303436333663653064623562336461643461393364
66336634376534623661613931666630626165373664353732306463396661393138336536663164
61373839363732356530306662343166633665663537346534373363356366613834356661646137
62356436666336383234663136303765616335336238323634626330616466386332616165636435
63353235383766623461313437356330663630396361383965336463643566663932643562633037
66353833616535323464313266663563346461343362343738623530653164316634643437636239
64326133666332613833396566613230356161343730373065326533656631346366303563383034
39613730636135386536616530373930353266346565633635306632353932366637353935663637
63646266313130663636343431653062316337613462366664656161656235383837633766393566
61613838646639393261623663653937333935653534343535616234343562376662666638623539
64343763646161303738623834383231393837393666306231643035303165633230653535623563
35376663376662396633343639623064333862323665363336646430613261626538643736656338
61643234346333656232623130373161326636353438393736376366653661356634343161386165
38346633306665396535346535363637663062323637626136363866393364636139666232643063
61666133646261353163383238383432623938373834373961316234616333656662303163643339
30316131386432316633393165323931653062313661656264623263633166653638663561376366
65623033653338303765316332383131323736656562633332636530313437323034356632636135
39336430653539616337666333356266306532306261306530656133633262336664313939393165
37393564626536366334306531396662633632363564396338396432336462353664623566653037
62653765306137393465383839313938646664643932633033663965316631353663613561623463
31373336626231633663646331623932346535356638386231653161366362313966323039383536
64663534643638313437616466366435636531306163613462646135613466393162616566363565
61646161313433366537316563313463373032363132616535616435393830373063633131633464
30633533613833663964323334323336646165623264326336386362303662646430666330316138
30373338656432336266343661383038346662613236306264336532393235616361343930656232
34373865636435653139306236393034663764656465643134376366656537663630663465383665
66623433353731303730653662663762643764383937343234386531346363363334346265383133
66643063316631616531383336383637636432643430363531386439363632636532376234303062
36363031653530316461346138643761393233396338393635313934363835636565313865646464
30663263333534383739386131333732333338313836313165613530623236643335623030666466
38376665656332313538306131313663383330643035636466373334626332633763663937313237
64363734616638366133383534343438643464393032373762306461383561353339326265303330
62306265326566316665306632623162363266323533633436356434633333333531646565663065
31656430306166346566383139316563346233366362323330393664353033346539306462363136
64623964663364616262653664613537636561643032613837303930363130326233323230616330
37623830666435303664333065323031613839336338656563633965396634386437333232353337
61313265333333663739646166353463366436393265663138343665393631363562386265633938
62376635346333626364616635663663386130316430646166643034316331343730373234636134
37656135613930656636623937373137333334623930323438373764613261643365613766663061
64656337323564643039333830316132343037376637626337333562343033643238333062323839
34346130306435396636346665306136306531373439656332313432643530323238613833643738
31343435663339333862396666393931643136303830623132343436623564353031643834643238
30376233656635396166646435383238366432323331656165383935303638336566303663636364
33326165303233353332303937633339396532333230633335323362646664656231336232623130
64356436346238316531636366376139396563343562373630303261376264316637353534376536
32303330646639366536303738616638303531303366613039303337646163303266393236663564
61393239396232396133656466346439316330316630643235666462303066383131396637323264
33653535383861626430643636336466636661393932646666616162613637333834373033303833
30336334623332636636303530616135326439613063646266343136613037303061643032613766
62326237316330316232653865333563336634306533326636303364613138326232663266393963
31663261326363376566393962343463656163306461616236333862376666393834366436343836
34336136366236313931616331643836316562353036323335343466653135363166393662663930
61393666623936333663353136393661353233663464663464613837386636626231336261396565
65643734363262393430366362306332343636393133636230656237363133373230643937366336
3935
