$ANSIBLE_VAULT;1.1;AES256
63633038303962653534643232386636316436633830346332663965383761356663383135653837
3330306531353938376630346633646432336166353032360a613434333233623232336136636339
66363861633763656637393730323465323338333431363762626162336664643762616462623539
6230336633373237660a616563373363376139643632633737383632303665343535613530313463
35633235636161613062633834393163306337626266353937323236363064646638366439656461
33626237653465386364643634656432323832373235666166643661306361663138393265616233
31393665333163353466353765363165663033373939323632303530623638373936623639303033
33633965653063323861353362386165373839303738313730653765343235326230303565373231
35393864343436623633653464653831333665383536303865396535653932373961383836366130
62663139363231643661303361643033646663366366623536383761376362393362383633396439
31346538373838343739393963363339643062323364383362393534663035633661316131386532
31616131626634663732623165353836306437323731356461323765313732333164666665646561
38336133323763326266653466666338303664613536313638326463656230303534666230303135
37393031613362363132646362613762653331643630643665656134313430306465653737333465
63343364393465646538613634363863356564656164396161633063333166353163623333366337
30356435626534626161313265613032316662333534363138646663343362653333393562313365
33646661633931613963356532383731643836346463373330616133376639666666343930346462
31366361356130366537363737643834626236376130393837303536373836323862663231303561
38303733663366353836323835386338653361383630343366653962616237626437316435356539
36613861313235646361306631333734363032316666373137353837303239313031303839353862
62333538396237646663303930363933653262653130646335643631646464343061363737326136
35363530303564653932363465653365666461313765626239326534313064356362363832303335
35663133323730313132626633303933343730323830663866623462323064366166613932386235
62373436326166393433383762313230333165643662393765623763386465393561373331303030
62653939356162313165646330623834633438386630653635346465643066653631383331616539
63383939386635613266643937646533643139363533613364663439323632623561323532353062
66323736623430646131633037623635353131626663613062366331646462393039613338663536
39343237396631663034663761373464633135316465633865633435626233386265616431666434
38306632303662363536353762393263353131363932363430363233633138383938616439656266
38336339333137323364386164623734376534303165303265363137623836313136643830326563
33613635313839623566366466333863306332643730336264366566326138303161306664376163
31353239613863343634396437646534666363313337336538343861666161356336396434313733
35393962353938346665666532346439323363353432393038316330643031653365326434393037
37303064323739376330373366306561353363333036313138396564613562633563383462653335
32643063336139663433616431326531303365333338303962656162393839333437643035626330
64643764306534393864396234633730623634346664333636663831623065323431633562356564
33343131653661633834326665356164393965323439643264353966366638363234643634663365
32633733393636643565316438353161323133643338343233306264326566616431333561316439
34303363383538316135383163303237653836393932396633626265623230653933623931636438
66336333623339383232653130316364303035646562613939363563336632663438643439613666
35616561383832306230376133343163666635636537623531303232393735383537616339373536
37663338663930306537613262316464383335356630396164333263663663356264343436383933
37333361623862353862316331353062623065623831386564366662346662313261666166653362
37656562623334383832313263656366626538333938393239613765626565616133386264346538
35353662373438323165626637623839613838313531363935306531303831623631623432343337
39353063383835386533306430626366633531613761383665656134363866626665633465356364
62303162613434306163316135336236346530303932646163366263373330643733643834656434
31623335343362343630356265633532653939303639363663643335383034383932376437326263
34356462383130613563613463343764313462366332303265386632366436376134646162663733
33346133343531653462313038643166653132393538653738623066646564393566616634343362
34303062656161346166326634306533363739376666616664386166383966636234356631656361
37396134343563616564383935373561636665353432646433663563383665343465303232386539
36333963326438316461313430326537336665646633623163343339326162656430336165396638
66326263626131636363306631373236393063656164373034376437316165633462353439306361
64336539306334306238353333633130336331306462643766643237383263373664323365656561
63643638313431333231303166333131353032393638383237306237663261613839373564323265
36343831386634663537636235383232623336626561363938353439623936613436616330663535
39643761333035333762303039353631313831636134326331386132343863383465326461396161
38613836663032663330306434373134366634336238616636333234363438343936343033343230
61333335303133663931643639623563343735613265323338653933646662383362323761336434
66646430363338396135393738373837646466666661663561363136393334623164366434616438
34376332653639663430313830646533396532636662616536363630666535323733376532323164
38303662626363656163363537333930393939666634373536396366373963633762663731643934
35616134386534626133663935346638613266646639303534383463373466363530363739396563
35363265336433656161366461313039643438326266303237656234386433623132346239333162
37356130393333663335643533623036333634313538323865356232356137393739316366633538
35386266336639386537333439663131646365366334633932653235343330303262343538613137
62616464643963393631613831613532333062393762636539626133373866363939653664643332
32316330323533616664313262376638383330386131386337326234386430626131306132323636
35396133366230626165396334626365383135636335633732396261303333366565373837373332
36306130646231633766393464373165343163313566633635313036313530666466643833303532
31353734303764623430373563336464633263613233663035393161333162626136386335373633
37353263376162646236633932633062393961383264353230353730343165343230303033666531
65356537393331343736636462383766373562643631373837636437383234313435316339636637
65653464626139333964313139326136636666336631333036663931393866373931656430653462
38613030366465633864343231656363336261313438663837383339306365343530323835373930
39323363383739633661303933633234633638383231356230616630376231633537313165313638
37316432373434343231613036393863316437386638636363616531306239616136373137323732
66323837333632313439663164343464396263366361653961646563383538393761666539313631
65666664303237626138636438313762653032646632323361396433363164393235656134633665
61383630356333313962666139613738373737343861623035653033303363366665323037633337
38373633373564646430653431316263643133623738316533366263313966333465356461663030
34633633633232653835656634313662656231353064353065306364396530636166383538383337
33373330666130656331336238623966666566356339333639633736636531303965613565653632
66623233363733333363373934303339626633636137303736396263336435356162396261666163
63656564353332303234653335343336356139363735653538666136623837393533336166373736
37633866353736343239633630643132326136643730376533316637643866313237643330613236
36313231343731626161643830653862613033613534633961656361613033653633353733643336
31383266646431613161326361373061336266326565653661353561353832653034343161386563
38353165396239626130303065663461363964396664663064386262303739306537366136366362
33313562623766383566323839393034613361326534356332343466626139313732643534653066
32653538363335623236306132653732363235643063306562306238343735316461353434386364
62626564333231316633366437333332656636343431643062393935333066376336353866613632
37643363656661336235326133396339343762306537616331373538393839643434653461386635
32656163373866363762313063663335303533666464363931626463373164333664613233383061
37626234646662343634366531333837313063373438396262343434333566333537636532653236
31646431663361393432353731666336636264636465363336616634373735326532636430346331
30333532653436393462633230336465666665656438313763626631313961393536653765613730
32396165333736666663376533346232616263626438623163333233333831613634643835346134
65643066396335316661643761643761616537323731306338613831616161353338303130366537
31363163313433326138396233363564633931376236356363313866623731656262623464333562
30323730333833323963633531633161383730336230336537633333333831346438656164326664
63616231383964613565316162383161636535326434323635376332633063666161663065323334
36333965616631353536343866346638666532626466313730383066346139616432363839663562
35333435353533353036393731393662653833653935343437313535333762383632663835383865
38356534323064313932303038306436626637323634653937633632353336353964666266633432
36353633393238313639373662383561376666396163306561303262376636623663353334306530
30653561326164633162323538663264323365333639636139333532623438643233393462303031
66353838326466313939643930633733376430363637383437636133313430626232663632303564
64623730663333366636303465373632663633666462333132326633323861616537343966313434
36373163353661343361646362376532623638366437386165383066626631623135393466643431
34323534313838323261303638353663323864666231666437333866656235306664343936306238
39653664333438336337383538623230306535333364383864613737393365636463663732376566
34653066356432336262303464343161353861656562353263353964623334326361386139356261
39626237333230393833333863303862376336633565653435386633623564613962626361336361
63366237623239336234346330396332373765653135373632306662306638303564326130333162
34303436306330346463393437376464343039366238636336613136313633643463356139353436
32363330636362383864373262323265393431646164643935306536613930663434343038666332
30306233643935633531303937643531646431366234626265306463633363623238636263373937
61336234323562326135663537333165333263663365333166333261616563396438386132343666
37363363396166653963363732623262353563653238663666346165313963396264613934646665
32373039376337373130313366323835626362353132613765303961376139343735366666623366
62653032366561636531643564373237613730306235353931396666616165353930373466353139
36613438333464666538613938626266613636383831366665313430646265663133623761363232
37383163323264303232363338646564383162396534373336316166663232623434336237346134
65633132326533393430396330353762396430383762666539653634386437623530366331613361
34653439383633323164656164343366316534633234663532666166323839663239656138313931
35326437306166336438643930396632306565336564666337323462623861346231316238643461
62383231663662346664616439666361663233313033326433666335396636326133613233613434
39646334326162616661383933343234646536323762353166623235376439343732323434633663
32666664336138646464653032626561346235373738353862343765633539666537316237323434
35383039343633653361366535343765336234623333633163333662616134636430626630396136
33613634613132643863313630393533373662653739616335383230316535336138313930323365
34303837623965633737393435383766396164653837393837626233373765333136353362376334
65356530363063366464656434373436626639356134373338356536303039376132386463633765
65363738373666326234663539326564666638343032653261386665346661623865316334396437
65663964383834366637343166646563353330356634653161323531646265366362366538366631
37626562656663653464623230663331666436613835366432373062626135633164636366366137
39383238373732313731393562333662616431643965373164303135616333336630376635366265
32316137376263613733393734373535616337373861663236373633666431323562353834386536
61386631313735333132393435323230386138323161633462306264366161323565363135663363
64353936623239636431643261316662373939656631396561396663366133323563316338383966
37373933306135613331333637653034613862626635363830316434343963613133366130623466
64656561376162363235623532366666383635653962623030636433626331386634613631333032
37303132396265613964653565313965343764636431303538653233363735643736663061343330
63636634353335376161376665376138626363633364326438306638653439643234316364343437
64626234386539323663373963353261623162333964656135613133643238343436336530353231
63386363616165626665626235373733613666633363383239383233613439383635636333323464
66616332326435373733313131363137663431323932386433323662633631636266323337613163
35663539333732386436653064646262643731663637636665316234353533383766313263376165
37306135356661363934363431326563616263376135373134336562393334306635626431393136
62646662346464333130313938633533393833353135653366666333393032643538383737396230
63636535623133313237663338343634393738663837323535346162383636636432633961333239
30643734353434393762386164303966336435346162306261383761643239643934353664333431
64383734646630323765393632306331323766313636343166636630313735376531613466323934
35386662316464666235323662396533653734386136343161626635633136393235663830343266
33363266366331363338333333663164633661363936326666333064373762313232313139373938
64323061653466333333343963323163316231623366646164326136376361623230366133653730
36616663343663333031366338653464653736303339363766373137336563313733383638303863
65396161356537343664303362326433306536343734326165373037376362333665663866336233
33626538306232613830303835323831656434636133316131373439373761353639376631646463
66646164353139393031336130326264636536363234613535646634653864663061663937613432
38333364643638623463653135653664623266656335396437343066333332356238313233643337
35633563636634623730663233323361373766616562363337323462366337663834636666303863
62666636383566353466353932613030626135356563333563316430323535343634626339633531
61303736366330653063373730393364323465666161376466313735653935616438353064666265
66626633333834316664336134393064386562306565306134346565663063666431363532383031
35663139346261306532383063626366363531616265653438353963376661313935633765393465
33306562376131396138326361623136666238613530366236613535396566653266313166303635
37623738323037393834316263636437653764646364633565333632336532316562346333313964
34663232366235366234363638343535303839653335353538353066353862653433666136643230
64303437316539383161613563343030646337336336656337653535613130313865333930313238
36386633336437376236623838343637613433343939326131313938363933396138306666386235
62306464303335326436336133646538323964666666343638613235373939663035396361396662
35373461663163663961353537383866663736663333356132386637363438316233663230363865
65386261383333323564346638646236616564646230643333666362353931656263336135336162
31373034643561356666616139646665663333663430643339646636396439343264356464666464
31353934663965333163616436616538393438613433633430626336643631396561343766636532
34643761346462316633373033623035613264326339616563356535393933316131623731643736
35623132653533653263623138643137633161383362373964633431346430346330343965383063
66663833393636656535663836333831653938323538633066336131363830323539333937326162
63363731303339363239663662366534323234623162643963643830383230396464646538643030
62653264633436323039326139396261623839303731353533333933663161363665323661653439
32363331656163346362356230376165303330363539373932666663373334663261393334316531
35376663363837383366373633313864326663656363396530366631386165303935383534393663
30386632643166646363356339623331643934383737323834333733333063313731336439383134
38633735633563616338613939363537323362626662366365663738616637343964626437393263
65346663616133373434323037616538376232653232643266363464393531323765646461353239
63333938623766623337616635366633643735393230616462616432343064656533653539623038
34373430363861366461356165376661396333353532376532316430373939313538323561613762
36323235346230656332396335376330376634623363333966383138656238376463643639376338
34363666376161386639393136656537313666643039353864646163613438663931363866363438
30323865646562326539323532633661386662663430393936616230306132646331353834623933
30333234303737336264396636336532333039306462626463373232353237376131623531373331
32353765356433316166383632613764363630353261656164333234323964633739303135623437
37353231373265333031383132616361663434313963353861373961363464663661373230316634
33373235303636363962623361333862313533633762303835333863386131336662316336366531
33613561643765386431316363323436653564306331623935643766343962633330623565383031
35663536306466333030366364383662643432313037393462386636626162336463643339353738
62636263343238626664666531363161393636323066616664336465383438353334613565356535
63643261356232383931373537353962623365653831393561393837373137636634633166636231
35323635613638316330383838316439633662616430373430343939313662666432376334313536
64663535353632653265326137356635303436626333353364323834346139363761653461623738
64343562356462656637613335333130363464363837666632636233616566393966313330353732
37626462393961666130336634613035643038613166663534383664636632616263656665316635
66366230363062666439623865366131346233646336376134363131363562383931396533633831
32623539613664643135346133646262636239306432343937376664613338393233653333616464
37656666386164653037613439393337343462363631373065653637326166303835373438383639
65616436306666653133626639316263353233393861316464366235326661323332393435623363
31306236363639376261636430343936323936346438353564363966333639353332303961353830
35353638616238633337373661663733643862633139613938353532303966346466373039666239
61303166353536303732633465313233336132333839646430396564343463333766653436633864
32623531663036353939376265393737343365643463336362326534633662633532336637386566
65343136383439383639376532363235656232326239643337656635333133353762653363313136
66346461613835373331396638383339313031656130366332663563353063666137663337316535
39303231386636336263323762356134326631653035316161613336396536636232383932633930
61306263323534396366323365316666623638306534336134616161643131373432326561616639
37363136613436643466353035313465363661613365376163396334333637353837353233343639
33306233636134306166306332386331303031353435666565386661346464663462333833323963
65383735366537393832393261653431333630643632336431366137653862363165626164643533
34353465633930326563333662363936663436383461353230656636653763306165346166623334
31323332313366343161343464306530373966613536626165373837643038663132316361316636
37313835323936336562313830346161303339356531373964663636616232333436326438663963
31643361643261356266303163306330613563353361356235653331366130643733386638353738
32643561616363313462333033653639393230623232306435336563616230633161616430303963
35343063356565303635313162383363393832376430636563643533343530323662393435336465
38306566386432616462633034383237616264313162376537396661346139353630396134303232
31613737383865613465383338623262663533653362666532346435353938336132346266353765
64366639303934663830613162333266663532643635393266663662313863353666383434366336
31373862306635636432626632366165316339643663353439313561393836656465346631643336
63373536326661636166346464656563393539353866663434366466613231346234623636373330
64386661656364613330356239326533663165393233313233346637633537363537666232653434
37623131353437333234356266303062366562353264633733373233393264626365303539363438
31306138306438373535366264666130303936653863613731366563306465303435663232653539
36366664336234356262653132633737396165333961633239323039656436303832303636303634
65396238383330336230356139353837353665393762353234616137346639316630336533626234
37353363633232663836353161316432393065393762356138316531353666633861363561366631
34326563643933353266396333316365323663623536316362353031356130303665353061616130
63623439343431616265636431396463323439663738363538336664376362343062636566333433
34336235343766643061363436663236303038363034623236623135626136653938383036636661
35356436343637383139656633613437623839326664366566393032323932376363393637646332
64353239323435343261396539366466306635306331633662663935303862356166353266353266
61303430636231393165343933653437613361366230666138323965306437663361636364333965
37323663336364333466653434646531653738323162643665313938333266373336623634326564
30356666373230626665303034613637373466333130623661383637323238383035373038393034
32376639306431636330666237653036373961326631653836623132656164313566366332343837
34373262323639353233343339303661636562633666363164306639656331666430323864343162
30393031316463363432323665373066333062346432626331346365663933646136663834656338
3732
