$ANSIBLE_VAULT;1.1;AES256
35383436323163303635393363393039363565666132613461656564353736616463356337373566
6462663735616161366666646238336336663264646334650a313137383439323966636133656539
38366266666261323966646161333561346666353839316463393231306232376161326566616666
6563346266376461320a353963643531313939333166613232313039393164636237633934303865
61333731353463626134646132633435306537663633613863613231643734346338346265613763
65346661353939643437313338366230613664666230643038316136646262623966323762656533
64366261336666643262356662336230326361633433386633396539303861366639646532623836
39623933323132643165386139396637623032323364346232333963393632646332346434616239
66653963623662373434623233653730613731323833383035626266313265636261613338303661
33383639316638623834616561333534303766663739616334633062333762313230333266396335
35336532393737613536626262363236336166636562346635393639626535383937336535376364
30666263333361373231653261383035656130616437613561616264656134383831343961326335
34633935366562343332326565363737636164643864373061663138303666353863313966663765
62316231613038353731633862326163623732613261323530623233326533353639366664656134
64663932383264363931373437363261386633346235316132316263316433313163376335373466
63303462333139653139343234653961383735393263303034323137326662613030653731343132
34626361383566373235363238326661353261366165663636303833373764633237653261326264
38393830346434656539653562646364363836316232633263323931666133663636376138363834
35646333613636366539303730326337343830326631393439306439383161393966393631656562
64313032343931616232306634386139396134373031326465333434663331646235303236336336
66393966653765663631333238316331333661303335303339656465373133626363646336323731
35636665343164616464323932656331643133616231623638613635393638383664653537363139
33643436653666396337363763356535393439616430636137396338333739346561316162316164
63323737313533356665313864343562353764316530653062643765323231336163383066313634
31643538663364633834383665663838326163633834653631336362313337353733386630323162
35313736633862613366636563343736623931353838626533386631663936656662343262353837
34356466326239363036653638653934363263303830623131356434313334343563323135343630
61313762666264326262393833303033653137623033383934623166613037396435626464613266
65346162373866623265386661643230626362643133666637323933623230346637303231323237
34623932376635666465613630613038313537646333656238656637336162356638356434643934
63383065316536323266653630663339366364663461666535616139656639383831316636646235
39393062333861646361623164633635333536346330333231386131663338353936326263626163
35343635613038303032336566316332616561643764336264316563623730396534373130373438
36323032346338303833373064366534373836666634656335326635376364343135363732356663
36366630386364646239343831326634353336336161313639663364356561373531343835303135
66633239663833633530313033323935313962616663623738366665396565396232643231626664
37393265343337386463396661386331386464373464303961363264316531383531656239303633
35376566396465383366303564626531393539386333653832646235376533383637623035616534
36336438386436396266386130623134336338376135313363343666666534643736363739623266
33343566306137353265393963303237393963613638383437616664643466326331316133653662
34373330386462306339623666666230386662343037333833633966633232656262343364396638
35316237353364396163623830663163373330383663666166343263396565653964613832623464
32373064333262306565383939343365613632646535333031626331666366613032343737633635
62613936353665373635
