$ANSIBLE_VAULT;1.1;AES256
63643465366663623035373732643761373436613539326332306132303037663138386361633433
6339363664613439636433356231303861373831303762360a366231346639353531333834343361
30323962313938626532306664346565303062346539616662363465663865663730626232376436
6636303834663136640a346232363764653063316134343133336238356130666364336133626463
35623533333930346431353830396337663930633139376137666163653835623637356438326236
62366362626138323664666265346562303935663630363832333661396339626435383332613165
31373565343861626435386662613135376338313830626433383930326536306163646432323038
61356331353061373963373930316435366634623236306532616431376432666334373265666666
33386433363039666265653637363536373935653862643463303866363166383831366162633636
33333432343134313464666430353434633866633731393131383063363737373762383830396138
343063306336306261333339313137663830
