$ANSIBLE_VAULT;1.1;AES256
61366634633630343634306134313565653933306237346333333131313438646463623661333663
3638313964633033303736623931353333623334636436390a366336333339383964356661373166
64626366326133393634323131396661393065613037666562626633386636353432653362626533
3630383539343432630a386365376461623965643961346435396335343234613366653338663664
35303138356538643563336132346362383466613763393534653164613835356231333835396635
64396163346434613161333261383361306435643734633862303635393434356434363733343164
66383339636539343433303830396539663761363330386531653236346461313330353235343237
64386530623536343062346532386234643533393161656133383632653130626633363938373763
34323231616139363134353466663236353631303365626636616336323936656638346637316661
66353038366536613736323837373661303566313037373732373565653233646466333036656264
326263373931306439616465343932396563
