$ANSIBLE_VAULT;1.1;AES256
35653433353261666238653463303034646565623135356362656566346230636135376264346334
3338353938336139663739623430393731646562323366640a336263366466636233613931316436
64313461666364316536643732363765366161323562343764343966613564363539383632663064
3631356433356537350a663536303334653430623432396666666662333162383963666539396135
64313837653965316138326236383933616434613730336261363365613238313937376434626163
35336437653362646435623334626536623262326230373334633430646166353062306136616264
39343030336339313136376436623364646432666262336332383332646566303132366332303138
37633161663831323361613433353237383537393064353432656263613138623062336561386137
64653432313162346337626637633834376639656361626330633363363138383061333933306434
62383731373932643833643138346631656430636261323731323532666335356365393339353361
32633065306661323461393163353561656462653465363563336365343737636563353231303863
37666564666161366337383630643237656261366536333437343061643035313936383333643539
66306462656531383035356162366238663964386462643436663664323139653836393232356439
33656161343965383865353136353162306333626163653531343063363332626334336531356233
39613632353833306563343631613331343831626563326338613931313233613261363133633931
36316435373637643930393863313030373066636536666338323830353833326664343633316132
34643562326138306531643636333738393265393635616138343839653734613137616166623861
37303066636565353731626664626532373739373334396430383766373333333234643030643962
36613931633434666534316632366132333835393239633630636236303862623061633336366337
64373864303531616238343161653533363134666263623862636561616439363731353064386233
32616333333963643632383631306231363430626562393333636336346635333266613366633437
36393531336364653932353261323266373063383132633039613137396165333664666364303431
64353763343236386166623338356539616563393939616439616232363532623762363031613538
38336265626262626333333532323737373533346333323132373337666465316531386536343630
39613837353434343962626334383539326163383734346230633837633230333565363462663465
31353863333532663334663661643530393033353634316331306436333538363263343931363030
39613933326363383232626363653765613835326365383962353265336432626537326339643738
31336537326334363964616535373865396564313961336533623836663431353238303838383766
32373663646264386363363964663539393061373232373930376238393765346431613332623933
33386663363939623730343737393565383037313331366139666666663037363733303537613361
37343462336661373862313738346565323533373066366136666235626536613931613134393266
36356137393037356239656535366565313661383336333664383563633939613434623766393338
36343230623131313735386661343235326530356337643933313931393662636536613033643037
39623533373037623033323439376563313036343030316664383862316134643132636232303764
65343831343833663234356335343435656431656338666664313166663435313835316331646237
63646135303633343435306230363532373766346534663038616138633561383031383064323238
31623936343262393363636433626232376131386537376563636535336234386331303762643962
30376639653935653561653639646633366265643666613532353733613833306161313966366537
32346464326661373333316537666534393134373338383638343963363535376237326633356365
31343963636564626434633937303764363364336666626532633336313536633738373062373239
34333733386464333664343137636261316362303734616437373037643136616139
